  -29.0000000       2.00000000       8.65854621E-02   2.78846864E-02   4.10535298E-02   7.42979813E-03
  -29.0000000       6.00000000       8.75509381E-02   3.02899722E-03   1.37024804E-03   1.65704242E-03
  -29.0000000       10.0000000       4.34133224E-02   5.62162662E-04   6.52021845E-04   8.90621974E-04
  -29.0000000       14.0000000       2.69690510E-02   3.27063521E-04   7.48716993E-05   6.39181817E-05
  -29.0000000       18.0000000       2.13524364E-02   2.69819255E-04   2.09975056E-04   1.33451962E-04
  -29.0000000       22.0000000       1.68443266E-02   3.11047072E-04   1.56522510E-04   1.75541252E-04
  -29.0000000       26.0000000       1.53043577E-02   3.64684005E-04   4.40683943E-05   2.46345880E-04
  -29.0000000       30.0000000       1.60723701E-02   2.22982009E-04   0.00000000       0.00000000    
  -29.0000000       34.0000000       1.87228769E-02   1.32978719E-04   0.00000000       0.00000000    
  -29.0000000       38.0000000       2.00188849E-02   1.98059017E-04   0.00000000       2.42130744E-04
  -29.0000000       42.0000000       2.38601826E-02   1.07991358E-03   6.06060610E-04   0.00000000    
  -29.0000000       46.0000000       2.31732782E-02   0.00000000       0.00000000       0.00000000    
  -29.0000000       50.0000000       1.77755207E-02   1.67926110E-03   0.00000000       0.00000000    
  -29.0000000       54.0000000       2.19298247E-02   1.73812278E-03   0.00000000       0.00000000    
  -29.0000000       58.0000000       1.76056344E-02   0.00000000       3.19488812E-03   0.00000000    
  -27.0000000       2.00000000       2.88530141E-02   1.93292964E-02   2.83429306E-02   9.85931419E-03
  -27.0000000       6.00000000       4.17218357E-02   2.79123452E-03   8.90075637E-04   1.30554859E-03
  -27.0000000       10.0000000       3.09072901E-02   7.43463403E-04   5.69037278E-04   6.73984236E-04
  -27.0000000       14.0000000       2.05690172E-02   4.50524589E-04   3.40325896E-05   1.91754560E-04
  -27.0000000       18.0000000       1.47736389E-02   3.07178852E-04   2.34677995E-04   4.44839854E-04
  -27.0000000       22.0000000       1.19692944E-02   5.89352392E-04   6.70810768E-05   5.85137495E-05
  -27.0000000       26.0000000       1.27392206E-02   1.45873593E-04   4.40683943E-05   1.64230587E-04
  -27.0000000       30.0000000       1.15053579E-02   4.83127689E-04   0.00000000       0.00000000    
  -27.0000000       34.0000000       1.17172971E-02   1.32978719E-04   0.00000000       0.00000000    
  -27.0000000       38.0000000       1.13314446E-02   9.90295084E-05   0.00000000       0.00000000    
  -27.0000000       42.0000000       1.51975686E-02   1.79985596E-04   9.09090915E-04   0.00000000    
  -27.0000000       46.0000000       1.94154494E-02   0.00000000       0.00000000       0.00000000    
  -27.0000000       50.0000000       1.39664803E-02   1.67926110E-03   0.00000000       0.00000000    
  -27.0000000       54.0000000       5.70175424E-03   1.73812278E-03   0.00000000       0.00000000    
  -27.0000000       58.0000000       2.11267602E-02   0.00000000       0.00000000       0.00000000    
  -25.0000000       2.00000000       2.47047320E-02   2.25283746E-02   3.45702693E-02   2.26283967E-02
  -25.0000000       6.00000000       3.11483629E-02   4.03948827E-03   1.62790157E-03   1.10469491E-03
  -25.0000000       10.0000000       3.27544883E-02   1.31866930E-03   7.29079009E-04   1.32389751E-03
  -25.0000000       14.0000000       2.22272407E-02   8.01413960E-04   1.90582505E-04   7.03100057E-04
  -25.0000000       18.0000000       1.64584536E-02   6.22659863E-04   4.07598622E-04   9.78647731E-04
  -25.0000000       22.0000000       1.36973839E-02   7.61246833E-04   2.23603602E-05   2.92568759E-04
  -25.0000000       26.0000000       1.48720313E-02   3.46449815E-04   4.40683943E-05   0.00000000    
  -25.0000000       30.0000000       1.08027402E-02   2.97309336E-04   0.00000000       1.00908175E-04
  -25.0000000       34.0000000       1.53130814E-02   1.99468079E-04   2.47770076E-04   0.00000000    
  -25.0000000       38.0000000       1.62417367E-02   3.96118034E-04   1.87476558E-04   0.00000000    
  -25.0000000       42.0000000       1.30699091E-02   3.59971193E-04   9.09090915E-04   0.00000000    
  -25.0000000       46.0000000       1.79540701E-02   0.00000000       0.00000000       0.00000000    
  -25.0000000       50.0000000       1.14271203E-02   0.00000000       0.00000000       0.00000000    
  -25.0000000       54.0000000       1.49122803E-02   0.00000000       0.00000000       0.00000000    
  -25.0000000       58.0000000       2.52347421E-02   0.00000000       4.79233218E-03   0.00000000    
  -23.0000000       2.00000000       2.72148382E-02   2.74066627E-02   3.56579237E-02   3.96350063E-02
  -23.0000000       6.00000000       2.28534881E-02   5.95892640E-03   1.66303606E-03   3.43961827E-03
  -23.0000000       10.0000000       2.89228000E-02   2.25778087E-03   4.32705419E-04   1.82938576E-03
  -23.0000000       14.0000000       2.21637338E-02   1.20428693E-03   6.19393133E-04   2.65260460E-03
  -23.0000000       18.0000000       1.62636098E-02   9.33989766E-04   3.95247160E-04   1.37900352E-03
  -23.0000000       22.0000000       1.13144396E-02   6.71206857E-04   1.78882881E-04   1.75541252E-04
  -23.0000000       26.0000000       1.37768043E-02   7.65836390E-04   8.81367887E-05   4.10576438E-04
  -23.0000000       30.0000000       1.18566658E-02   9.66255378E-04   1.04924454E-03   0.00000000    
  -23.0000000       34.0000000       1.33911967E-02   9.30851093E-04   1.73439051E-03   0.00000000    
  -23.0000000       38.0000000       1.21813035E-02   1.98059017E-04   1.87476558E-04   0.00000000    
  -23.0000000       42.0000000       1.06382975E-02   3.59971193E-04   1.81818183E-03   0.00000000    
  -23.0000000       46.0000000       2.17118990E-02   1.19161105E-03   5.47645148E-04   0.00000000    
  -23.0000000       50.0000000       1.26968008E-02   4.19815275E-04   0.00000000       0.00000000    
  -23.0000000       54.0000000       1.62280705E-02   0.00000000       0.00000000       0.00000000    
  -23.0000000       58.0000000       2.40610335E-02   0.00000000       1.59744406E-03   0.00000000    
  -21.0000000       2.00000000       3.77969183E-02   2.98703201E-02   3.56365964E-02   5.60483634E-02
  -21.0000000       6.00000000       1.76021028E-02   7.33596832E-03   2.49455404E-03   3.66557878E-03
  -21.0000000       10.0000000       2.46958788E-02   3.39254085E-03   2.84518639E-04   5.77700732E-04
  -21.0000000       14.0000000       1.83251239E-02   2.21146923E-03   6.33006159E-04   2.52476824E-03
  -21.0000000       18.0000000       1.42234955E-02   1.45287300E-03   4.57004528E-04   1.37900352E-03
  -21.0000000       22.0000000       9.07701813E-03   8.26730393E-04   6.70810768E-05   0.00000000    
  -21.0000000       26.0000000       1.01452619E-02   8.02304829E-04   4.40683943E-05   2.46345880E-04
  -21.0000000       30.0000000       1.08027402E-02   1.30072841E-03   6.99496362E-04   0.00000000    
  -21.0000000       34.0000000       1.58090517E-02   9.97340423E-04   1.36273541E-03   1.49925036E-04
  -21.0000000       38.0000000       9.82058514E-03   1.98059017E-04   5.62429719E-04   0.00000000    
  -21.0000000       42.0000000       1.64133739E-02   2.15982716E-03   2.72727269E-03   0.00000000    
  -21.0000000       46.0000000       1.89979132E-02   2.14489992E-03   0.00000000       0.00000000    
  -21.0000000       50.0000000       1.06653124E-02   4.19815275E-04   0.00000000       0.00000000    
  -21.0000000       54.0000000       1.44736841E-02   0.00000000       0.00000000       0.00000000    
  -21.0000000       58.0000000       2.11267602E-02   0.00000000       3.19488812E-03   0.00000000    
  -19.0000000       2.00000000       3.98578495E-02   4.12448198E-02   3.63830253E-02   6.51731715E-02
  -19.0000000       6.00000000       2.02181544E-02   1.06770294E-02   2.61166925E-03   2.86216429E-03
  -19.0000000       10.0000000       1.94663089E-02   4.52469196E-03   3.73430696E-04   1.63681875E-03
  -19.0000000       14.0000000       1.74854286E-02   3.44174798E-03   5.92167082E-04   1.27836375E-03
  -19.0000000       18.0000000       1.06131807E-02   1.76420284E-03   1.02517230E-03   1.64590753E-03
  -19.0000000       22.0000000       9.05882753E-03   7.93988584E-04   3.57765763E-04   5.85137495E-05
  -19.0000000       26.0000000       9.94350947E-03   9.48178407E-04   1.32205186E-03   1.64230587E-04
  -19.0000000       30.0000000       1.08466540E-02   1.11491012E-03   2.09848906E-04   0.00000000    
  -19.0000000       34.0000000       1.01053938E-02   5.98404265E-04   2.60158582E-03   1.49925036E-04
  -19.0000000       38.0000000       5.76015096E-03   3.96118034E-04   1.87476558E-04   2.42130744E-04
  -19.0000000       42.0000000       1.03343464E-02   5.57955354E-03   2.42424244E-03   0.00000000    
  -19.0000000       46.0000000       1.52400834E-02   3.57483327E-03   0.00000000       1.19904079E-03
  -19.0000000       50.0000000       7.61808036E-03   4.19815275E-04   1.33333337E-02   0.00000000    
  -19.0000000       54.0000000       1.92982461E-02   0.00000000       0.00000000       0.00000000    
  -19.0000000       58.0000000       2.46478878E-02   8.41750822E-04   0.00000000       0.00000000    
  -17.0000000       2.00000000       3.72156315E-02   4.35613953E-02   4.00085300E-02   6.18679039E-02
  -17.0000000       6.00000000       3.31120081E-02   1.95336882E-02   5.70351118E-03   6.52774284E-03
  -17.0000000       10.0000000       1.89005006E-02   6.40682830E-03   1.35146349E-03   1.32389751E-03
  -17.0000000       14.0000000       1.50369043E-02   4.54206765E-03   3.74358497E-04   1.05465006E-03
  -17.0000000       18.0000000       8.95128958E-03   2.72725010E-03   6.42276602E-04   1.42348756E-03
  -17.0000000       22.0000000       8.27663951E-03   1.26874470E-03   9.16774734E-04   3.51082504E-04
  -17.0000000       26.0000000       9.54000466E-03   1.45873602E-03   8.37299507E-04   8.21152935E-05
  -17.0000000       30.0000000       7.11399969E-03   5.94618672E-04   1.39899275E-04   0.00000000    
  -17.0000000       34.0000000       6.57160580E-03   5.98404265E-04   8.67195253E-04   1.34932529E-03
  -17.0000000       38.0000000       4.43814928E-03   1.18835410E-03   1.87476558E-04   1.69491523E-03
  -17.0000000       42.0000000       6.23100298E-03   3.23974085E-03   3.03030305E-04   0.00000000    
  -17.0000000       46.0000000       6.05427986E-03   7.14966620E-04   0.00000000       5.99520397E-04
  -17.0000000       50.0000000       3.04723205E-03   8.39630549E-04   7.49999983E-03   0.00000000    
  -17.0000000       54.0000000       2.01754384E-02   5.79374260E-04   0.00000000       0.00000000    
  -17.0000000       58.0000000       1.46713611E-02   0.00000000       0.00000000       0.00000000    
  -15.0000000       2.00000000       3.24464291E-02   5.02414629E-02   3.61271054E-02   5.09350821E-02
  -15.0000000       6.00000000       4.08669598E-02   4.04766165E-02   1.09502729E-02   1.21265380E-02
  -15.0000000       10.0000000       1.68369636E-02   9.32198763E-03   1.49965030E-03   2.38301558E-03
  -15.0000000       14.0000000       1.16710654E-02   4.46192641E-03   4.90069273E-04   4.15468210E-04
  -15.0000000       18.0000000       1.05787963E-02   3.87709518E-03   1.17338996E-03   1.95729546E-03
  -15.0000000       22.0000000       9.51358862E-03   1.84991164E-03   2.01243238E-04   4.09596250E-04
  -15.0000000       26.0000000       1.00299744E-02   2.37044599E-03   1.18984666E-03   0.00000000    
  -15.0000000       30.0000000       5.62093779E-03   2.67578405E-03   0.00000000       1.00908175E-04
  -15.0000000       34.0000000       1.15933046E-02   2.32712761E-03   6.19425147E-04   2.09895056E-03
  -15.0000000       38.0000000       4.06043418E-03   2.37670820E-03   3.74953117E-04   7.26392260E-04
  -15.0000000       42.0000000       5.47112478E-03   1.07991358E-03   0.00000000       4.08496737E-04
  -15.0000000       46.0000000       9.39457212E-03   6.67302171E-03   0.00000000       5.99520397E-04
  -15.0000000       50.0000000       7.11020827E-03   2.51889159E-03   0.00000000       0.00000000    
  -15.0000000       54.0000000       5.26315812E-03   5.79374260E-04   2.65251985E-03   0.00000000    
  -15.0000000       58.0000000       7.62910815E-03   2.10437719E-02   1.59744406E-03   0.00000000    
  -13.0000000       2.00000000       2.71223616E-02   4.52651195E-02   2.68074218E-02   3.39849703E-02
  -13.0000000       6.00000000       4.34219502E-02   6.45822808E-02   2.08113734E-02   1.38589004E-02
  -13.0000000       10.0000000       2.09598783E-02   1.86361484E-02   2.77998415E-03   3.05699976E-03
  -13.0000000       14.0000000       1.50933545E-02   7.45964795E-03   6.94264832E-04   1.27836375E-03
  -13.0000000       18.0000000       1.33982804E-02   7.43040722E-03   8.15197243E-04   1.64590753E-03
  -13.0000000       22.0000000       1.36428131E-02   3.71619407E-03   1.02857652E-03   8.77706276E-04
  -13.0000000       26.0000000       1.15287062E-02   3.82918213E-03   1.27798342E-03   8.21152935E-05
  -13.0000000       30.0000000       8.82662926E-03   8.91928037E-04   4.89647442E-04   3.02724511E-04
  -13.0000000       34.0000000       5.95164299E-03   1.52925530E-03   2.72547081E-03   7.49625207E-04
  -13.0000000       38.0000000       5.47686499E-03   4.95147542E-04   1.87476558E-04   0.00000000    
  -13.0000000       42.0000000       1.67173259E-02   2.33981293E-03   6.06060610E-04   0.00000000    
  -13.0000000       46.0000000       1.39874741E-02   8.10295530E-03   0.00000000       1.19904079E-03
  -13.0000000       50.0000000       9.39563196E-03   1.13350125E-02   0.00000000       0.00000000    
  -13.0000000       54.0000000       1.57894734E-02   2.89687142E-03   1.72413792E-02   0.00000000    
  -13.0000000       58.0000000       4.69483575E-03   8.41750822E-04   0.00000000       0.00000000    
  -11.0000000       2.00000000       2.55238190E-02   4.18944433E-02   2.78524198E-02   2.92389393E-02
  -11.0000000       6.00000000       3.51592116E-02   7.74487108E-02   3.29210870E-02   2.71905605E-02
  -11.0000000       10.0000000       3.67692336E-02   4.05983180E-02   5.42956404E-03   7.10090529E-03
  -11.0000000       14.0000000       2.10700128E-02   1.21728284E-02   1.10946246E-03   5.36912773E-03
  -11.0000000       18.0000000       1.54842408E-02   7.96174351E-03   8.02845752E-04   1.02313166E-03
  -11.0000000       22.0000000       1.41703347E-02   7.11315544E-03   1.14037830E-03   2.57460494E-03
  -11.0000000       26.0000000       1.07793408E-02   4.35797404E-03   5.72889112E-04   4.35211044E-03
  -11.0000000       30.0000000       1.51940985E-02   5.31440461E-03   3.56743135E-03   2.01816350E-04
  -11.0000000       34.0000000       1.26472414E-02   4.72074468E-03   8.67195253E-04   2.09895056E-03
  -11.0000000       38.0000000       1.16147306E-02   5.94177051E-04   5.62429719E-04   2.42130744E-04
  -11.0000000       42.0000000       7.44680874E-03   3.59971193E-03   0.00000000       8.16993474E-04
  -11.0000000       46.0000000       4.59290203E-03   2.85986648E-03   5.47645148E-04   0.00000000    
  -11.0000000       50.0000000       1.59979686E-02   8.39630549E-04   0.00000000       0.00000000    
  -11.0000000       54.0000000       1.31578948E-02   0.00000000       0.00000000       0.00000000    
  -11.0000000       58.0000000       2.23004688E-02   8.41750822E-04   0.00000000       0.00000000    
  -9.00000000       2.00000000       1.84162557E-02   3.48344073E-02   1.78502873E-02   1.95491277E-02
  -9.00000000       6.00000000       2.51738671E-02   7.95390382E-02   4.24308442E-02   3.65804657E-02
  -9.00000000       10.0000000       4.23940346E-02   7.41246045E-02   1.81558449E-02   1.42018106E-02
  -9.00000000       14.0000000       2.78299153E-02   2.95331869E-02   2.66134855E-03   5.78459585E-03
  -9.00000000       18.0000000       1.97707731E-02   1.34826610E-02   3.86601128E-03   4.09252662E-03
  -9.00000000       22.0000000       1.82995591E-02   9.94532090E-03   2.95156753E-03   5.20772394E-03
  -9.00000000       26.0000000       1.93970483E-02   6.78312220E-03   1.49832538E-03   1.72442105E-03
  -9.00000000       30.0000000       1.31740738E-02   3.34473024E-03   9.09345283E-04   2.01816350E-04
  -9.00000000       34.0000000       9.29944217E-03   4.98670200E-03   2.47770076E-04   2.99850083E-03
  -9.00000000       38.0000000       1.61473081E-02   1.38641312E-03   3.74953117E-04   4.84261487E-04
  -9.00000000       42.0000000       1.61094218E-02   3.05975531E-03   6.06060610E-04   1.22549024E-03
  -9.00000000       46.0000000       7.30688917E-03   4.76644421E-03   0.00000000       5.99520397E-04
  -9.00000000       50.0000000       1.95530728E-02   2.51889159E-03   1.66666671E-03   1.62601622E-03
  -9.00000000       54.0000000       1.84210520E-02   5.79374260E-04   0.00000000       0.00000000    
  -9.00000000       58.0000000       1.29107982E-02   1.68350164E-03   0.00000000       0.00000000    
  -7.00000000       2.00000000       1.45189846E-02   2.57764813E-02   2.13051829E-02   9.46381129E-03
  -7.00000000       6.00000000       1.87430102E-02   6.42008707E-02   5.44000193E-02   3.99447642E-02
  -7.00000000       10.0000000       3.93320136E-02  0.100328431       5.10829501E-02   1.94251873E-02
  -7.00000000       14.0000000       4.26621884E-02   6.48343861E-02   8.97099078E-03   5.36912773E-03
  -7.00000000       18.0000000       4.04699147E-02   3.28847431E-02   6.57098414E-03   2.75800703E-03
  -7.00000000       22.0000000       2.94320956E-02   1.69929937E-02   3.30933323E-03   2.51609134E-03
  -7.00000000       26.0000000       1.87629703E-02   1.17245903E-02   3.12885595E-03   3.28461151E-03
  -7.00000000       30.0000000       1.56332329E-02   8.73346254E-03   1.39899272E-03   1.10998994E-03
  -7.00000000       34.0000000       1.46311224E-02   9.37500037E-03   3.34489602E-03   2.99850083E-03
  -7.00000000       38.0000000       1.31255900E-02   1.27748065E-02   5.24934381E-03   1.69491523E-03
  -7.00000000       42.0000000       1.45896655E-02   9.35925171E-03   2.12121219E-03   2.85947719E-03
  -7.00000000       46.0000000       9.39457212E-03   3.81315546E-03   5.47645148E-04   1.19904079E-03
  -7.00000000       50.0000000       2.51396652E-02   2.09907652E-03   8.33333354E-04   8.13008111E-04
  -7.00000000       54.0000000       3.15789469E-02   1.73812278E-03   2.65251985E-03   0.00000000    
  -7.00000000       58.0000000       9.38967150E-03   5.05050505E-03   0.00000000       0.00000000    
  -5.00000000       2.00000000       1.06745576E-02   1.78461988E-02   1.45233525E-02   1.24865808E-02
  -5.00000000       6.00000000       1.58730671E-02   4.85184416E-02   7.39348382E-02   4.93597798E-02
  -5.00000000       10.0000000       3.48679498E-02  0.100945376      0.100612901       3.88263054E-02
  -5.00000000       14.0000000       5.66759333E-02  0.107729532       5.51804416E-02   1.72259510E-02
  -5.00000000       18.0000000       4.89398278E-02   8.03355724E-02   1.18080089E-02   9.38612130E-03
  -5.00000000       22.0000000       3.80725451E-02   4.48644497E-02   6.43978361E-03   7.89935607E-03
  -5.00000000       26.0000000       2.76400745E-02   2.74789389E-02   7.35942181E-03   1.00180656E-02
  -5.00000000       30.0000000       2.71825045E-02   2.44536940E-02   8.53385590E-03   5.04540885E-03
  -5.00000000       34.0000000       2.23186612E-02   1.21675534E-02   2.47770059E-03   1.49925041E-03
  -5.00000000       38.0000000       2.43626069E-02   9.40780342E-03   3.56205483E-03   5.81113808E-03
  -5.00000000       42.0000000       2.46200599E-02   7.55939540E-03   6.66666683E-03   1.14379087E-02
  -5.00000000       46.0000000       1.71189979E-02   1.42993331E-02   3.83351580E-03   5.99520397E-04
  -5.00000000       50.0000000       1.34586086E-02   1.55331651E-02   9.99999978E-03   2.43902439E-03
  -5.00000000       54.0000000       1.53508773E-02   6.37311721E-03   1.32625992E-03   2.84090918E-03
  -5.00000000       58.0000000       3.16901393E-02   6.73400657E-03   6.38977624E-03   2.27272734E-02
  -3.00000000       2.00000000       1.08991470E-02   1.21712061E-02   1.49712088E-02   6.24329038E-03
  -3.00000000       6.00000000       1.19457766E-02   2.73526125E-02   7.59375095E-02   5.85237257E-02
  -3.00000000       10.0000000       2.94428449E-02   7.14533553E-02  0.120938197       7.34402090E-02
  -3.00000000       14.0000000       5.11861593E-02  0.115737170      0.131454274       3.52189206E-02
  -3.00000000       18.0000000       5.30888252E-02  0.116844192       6.34371713E-02   2.97597870E-02
  -3.00000000       22.0000000       4.31840494E-02   8.87793824E-02   1.64125040E-02   1.47454655E-02
  -3.00000000       26.0000000       3.25397737E-02   5.84041439E-02   1.40137495E-02   1.31384460E-02
  -3.00000000       30.0000000       3.45160738E-02   3.39675918E-02   1.09121436E-02   7.36629684E-03
  -3.00000000       34.0000000       3.23620588E-02   1.83510631E-02   1.42467786E-02   8.69565178E-03
  -3.00000000       38.0000000       1.89801697E-02   2.67379675E-02   2.62467191E-03   4.35835356E-03
  -3.00000000       42.0000000       1.33738602E-02   1.07991360E-02   9.99999978E-03   8.98692850E-03
  -3.00000000       46.0000000       2.17118990E-02   2.69304104E-02   3.12157720E-02   2.39808159E-03
  -3.00000000       50.0000000       3.02183852E-02   3.19059603E-02   2.25000009E-02   5.69105707E-03
  -3.00000000       54.0000000       3.02631576E-02   1.62224788E-02   5.30503970E-03   0.00000000    
  -3.00000000       58.0000000       1.99530516E-02   1.93602685E-02   2.55591050E-02   7.57575780E-03
  -1.00000000       2.00000000       9.20812786E-03   1.30659668E-02   1.21561103E-02   1.05655687E-02
  -1.00000000       6.00000000       9.45827831E-03   1.32230707E-02   4.95280251E-02   4.73261364E-02
  -1.00000000       10.0000000       2.18085907E-02   3.63097079E-02   9.74713415E-02   9.93163884E-02
  -1.00000000       14.0000000       3.68337110E-02   8.06135833E-02  0.143733233      0.101853624    
  -1.00000000       18.0000000       5.27220629E-02  0.102386035      0.125836819       5.23576513E-02
  -1.00000000       22.0000000       4.94779348E-02  0.110225260       5.94114736E-02   1.77881811E-02
  -1.00000000       26.0000000       3.77276912E-02   9.19003710E-02   3.37123200E-02   1.76547877E-02
  -1.00000000       30.0000000       4.10591960E-02   6.87156245E-02   2.43424736E-02   8.27447046E-03
  -1.00000000       34.0000000       3.30440179E-02   3.63031924E-02   1.36273541E-02   1.13943033E-02
  -1.00000000       38.0000000       2.04910301E-02   2.28758175E-02   2.11848523E-02   1.74334142E-02
  -1.00000000       42.0000000       2.88753808E-02   2.39380859E-02   1.81818176E-02   8.16993508E-03
  -1.00000000       46.0000000       3.00626308E-02   2.59771217E-02   1.25958379E-02   2.39808159E-03
  -1.00000000       50.0000000       2.48857290E-02   3.52644846E-02   1.16666667E-02   1.13821141E-02
  -1.00000000       54.0000000       2.23684218E-02   1.73812285E-02   1.19363395E-02   1.13636367E-02
  -1.00000000       58.0000000       2.28873231E-02   5.80808073E-02   1.59744415E-02   6.06060624E-02
   1.00000000       2.00000000       8.54757335E-03   9.51143540E-03   1.28172319E-02   1.34753380E-02
   1.00000000       6.00000000       8.01205821E-03   9.61700361E-03   3.13048996E-02   4.20537293E-02
   1.00000000       10.0000000       1.40162418E-02   1.47988349E-02   4.31994125E-02   6.81927577E-02
   1.00000000       14.0000000       2.57483162E-02   3.27410102E-02   6.55399635E-02   7.84915313E-02
   1.00000000       18.0000000       3.88538688E-02   6.12655766E-02  0.108013637       6.51245564E-02
   1.00000000       22.0000000       5.36981113E-02   8.33278745E-02  0.105697423       4.78057340E-02
   1.00000000       26.0000000       4.90546450E-02   8.50078389E-02   6.85263500E-02   2.67695840E-02
   1.00000000       30.0000000       4.94906008E-02   7.25806430E-02   3.79127041E-02   3.09788100E-02
   1.00000000       34.0000000       4.36453819E-02   5.61835095E-02   2.26709619E-02   2.74362825E-02
   1.00000000       38.0000000       3.86213399E-02   4.35729846E-02   3.82452197E-02   1.98547207E-02
   1.00000000       42.0000000       2.76595745E-02   3.36573087E-02   2.57575754E-02   1.79738570E-02
   1.00000000       46.0000000       3.42379957E-02   3.64632979E-02   5.58598042E-02   1.31894480E-02
   1.00000000       50.0000000       4.21533771E-02   3.10663301E-02   2.74999999E-02   2.35772356E-02
   1.00000000       54.0000000       1.27192978E-02   4.05561998E-02   3.71352769E-02   1.70454551E-02
   1.00000000       58.0000000       4.04929593E-02   3.45117860E-02   2.71565504E-02   3.78787890E-02
   3.00000000       2.00000000       7.72848586E-03   7.31743174E-03   1.50991678E-02   9.71806329E-03
   3.00000000       6.00000000       7.06076715E-03   7.12297298E-03   2.83887293E-02   3.28897834E-02
   3.00000000       10.0000000       9.61874519E-03   5.31511102E-03   2.27199979E-02   5.32206818E-02
   3.00000000       14.0000000       1.68856457E-02   1.51250642E-02   3.93757075E-02   7.63822272E-02
   3.00000000       18.0000000       3.10945567E-02   3.13280933E-02   7.91605935E-02   7.50000030E-02
   3.00000000       22.0000000       4.36570011E-02   5.76828644E-02  0.123451546       7.78232887E-02
   3.00000000       26.0000000       4.58554290E-02   7.65471682E-02  0.105896354       4.44243737E-02
   3.00000000       30.0000000       6.51238337E-02   8.24290141E-02   7.37968683E-02   4.93440963E-02
   3.00000000       34.0000000       5.72845638E-02   8.33111703E-02   6.08275533E-02   4.06296849E-02
   3.00000000       38.0000000       5.13692163E-02   7.61536956E-02   6.76790401E-02   5.30266352E-02
   3.00000000       42.0000000       4.25531901E-02   5.27357794E-02   7.06060603E-02   4.08496745E-02
   3.00000000       46.0000000       4.25887257E-02   5.91039099E-02   6.07886091E-02   6.05515577E-02
   3.00000000       50.0000000       3.73285934E-02   4.65994962E-02   7.00000003E-02   7.47967511E-02
   3.00000000       54.0000000       5.65789491E-02   4.51911949E-02   5.96816987E-02   7.10227266E-02
   3.00000000       58.0000000       3.46244127E-02   3.78787890E-02   6.54952079E-02   7.57575780E-03
   5.00000000       2.00000000       1.38055859E-02   7.99156725E-03   1.18148858E-02   1.13000730E-02
   5.00000000       6.00000000       8.06347933E-03   5.24563855E-03   2.13618167E-02   3.54757719E-02
   5.00000000       10.0000000       8.85323901E-03   3.62079707E-03   1.37043139E-02   4.72511090E-02
   5.00000000       14.0000000       1.57425310E-02   6.85967039E-03   2.20190864E-02   6.35666326E-02
   5.00000000       18.0000000       2.19140407E-02   1.67370960E-02   4.56633978E-02   9.87099633E-02
   5.00000000       22.0000000       3.64535972E-02   3.26435715E-02   8.18165541E-02  0.106729083    
   5.00000000       26.0000000       5.19656427E-02   6.02457970E-02  0.106998064       8.72064382E-02
   5.00000000       30.0000000       5.73950447E-02   8.12026188E-02  0.127168432       8.84964690E-02
   5.00000000       34.0000000       5.59826419E-02   9.01595727E-02  0.116204165       9.11544263E-02
   5.00000000       38.0000000       6.97828159E-02   8.87304395E-02  0.102174729       6.12590797E-02
   5.00000000       42.0000000       6.17021285E-02   9.34125260E-02  0.104545452       7.27124214E-02
   5.00000000       46.0000000       5.30271381E-02   7.84080103E-02   7.77656063E-02   8.39328542E-02
   5.00000000       50.0000000       5.45962416E-02   5.54156154E-02  0.142499998       8.94308910E-02
   5.00000000       54.0000000       4.82456125E-02   8.28505233E-02  0.123342179      0.105113633    
   5.00000000       58.0000000       4.10798118E-02   6.14478104E-02   9.10543129E-02   3.03030312E-02
   7.00000000       2.00000000       1.33564090E-02   1.07861646E-02   1.51844742E-02   1.29103335E-02
   7.00000000       6.00000000       8.43628310E-03   4.40603914E-03   2.15492006E-02   3.51995975E-02
   7.00000000       10.0000000       1.01304688E-02   2.42995145E-03   1.00470642E-02   2.99441554E-02
   7.00000000       14.0000000       1.50933545E-02   4.77166194E-03   1.54371830E-02   4.79705967E-02
   7.00000000       18.0000000       2.17421204E-02   9.21536516E-03   3.01005412E-02   8.43861178E-02
   7.00000000       22.0000000       3.30156088E-02   2.12903544E-02   5.67953140E-02  0.110942073    
   7.00000000       26.0000000       4.77576666E-02   4.09904830E-02   8.44791085E-02  0.161931351    
   7.00000000       30.0000000       4.97979969E-02   6.53708950E-02  0.112339117      0.158425838    
   7.00000000       34.0000000       5.39367646E-02  0.102659576      0.141848370      0.133283362    
   7.00000000       38.0000000       7.41265342E-02  0.120221823      0.134983122      0.146973372    
   7.00000000       42.0000000       7.50759915E-02  0.114470840      0.127878785      0.120915033    
   7.00000000       46.0000000       6.84759915E-02  0.107959963      0.122124866      0.156474814    
   7.00000000       50.0000000       7.84662291E-02   9.94962230E-02   9.00000036E-02  0.162601620    
   7.00000000       54.0000000       6.35964945E-02  0.160486668      0.155172408      0.150568187    
   7.00000000       58.0000000       5.39906099E-02   9.68013480E-02  0.127795532       6.06060624E-02
   9.00000000       2.00000000       1.82709321E-02   8.42056237E-03   1.37555981E-02   1.25148315E-02
   9.00000000       6.00000000       7.73566961E-03   2.97698658E-03   1.41826533E-02   3.06552853E-02
   9.00000000       10.0000000       9.09454003E-03   1.78822514E-03   5.52440342E-03   2.28432510E-02
   9.00000000       14.0000000       1.23555232E-02   2.80061690E-03   7.12642446E-03   3.15755829E-02
   9.00000000       18.0000000       1.83381084E-02   5.20543614E-03   1.39695164E-02   4.53736670E-02
   9.00000000       22.0000000       2.52664890E-02   1.21472068E-02   2.93591525E-02   7.59508461E-02
   9.00000000       26.0000000       3.31162103E-02   2.01487914E-02   5.40719181E-02  0.102315649    
   9.00000000       30.0000000       2.59529240E-02   3.42277400E-02   7.84135386E-02  0.120282546    
   9.00000000       34.0000000       3.74457538E-02   6.05053194E-02   8.78344923E-02  0.135382310    
   9.00000000       38.0000000       5.06137870E-02   7.56585449E-02   9.14885625E-02  0.147941887    
   9.00000000       42.0000000       5.47112450E-02  0.100611947       9.66666639E-02  0.168709144    
   9.00000000       46.0000000       4.88517731E-02   9.62821767E-02  0.106243156      0.119304553    
   9.00000000       50.0000000       5.15490100E-02  0.123005874       7.75000006E-02   9.59349573E-02
   9.00000000       54.0000000       4.34210524E-02   9.61761326E-02   6.23342171E-02   6.81818202E-02
   9.00000000       58.0000000       3.81455384E-02  0.106060609       9.42492038E-02  0.121212125    
   11.0000000       2.00000000       5.91856707E-03   2.36560195E-03   6.50458504E-03   3.47477267E-03
   11.0000000       6.00000000       3.83087574E-03   1.32998487E-03   4.71974351E-03   1.37333665E-02
   11.0000000       10.0000000       5.05483337E-03   5.77814528E-04   1.64783711E-03   1.00616217E-02
   11.0000000       14.0000000       5.60267596E-03   1.15013728E-03   2.53883121E-03   1.76414195E-02
   11.0000000       18.0000000       8.46991409E-03   1.80986454E-03   4.24890686E-03   1.80160142E-02
   11.0000000       22.0000000       9.76825412E-03   3.29055078E-03   8.40749498E-03   2.40491517E-02
   11.0000000       26.0000000       1.32580120E-02   4.64972109E-03   1.26916971E-02   2.12678593E-02
   11.0000000       30.0000000       9.92446858E-03   9.58822668E-03   1.54588697E-02   2.56306753E-02
   11.0000000       34.0000000       1.53750777E-02   1.17021278E-02   2.24231910E-02   3.56821604E-02
   11.0000000       38.0000000       1.86024550E-02   1.46563677E-02   2.79340073E-02   3.38983051E-02
   11.0000000       42.0000000       1.33738602E-02   2.68178545E-02   2.51515154E-02   4.20751646E-02
   11.0000000       46.0000000       1.44050103E-02   1.97807439E-02   2.73822565E-02   5.21582738E-02
   11.0000000       50.0000000       1.14271203E-02   3.61041129E-02   2.50000004E-02   2.76422761E-02
   11.0000000       54.0000000       7.01754401E-03   2.31749713E-02   1.59151200E-02   5.68181835E-02
   11.0000000       58.0000000       8.21596198E-03   4.46127951E-02   3.03514376E-02  0.143939391    
   13.0000000       2.00000000       8.98353872E-04   3.55453143E-04   7.03774800E-04   1.29950850E-03
   13.0000000       6.00000000       1.58762804E-03   3.91317706E-04   9.48633242E-04   4.19281935E-03
   13.0000000       10.0000000       1.14409812E-03   1.94343942E-04   3.91213107E-04   2.14230688E-03
   13.0000000       14.0000000       1.77112292E-03   3.48723377E-04   6.94264832E-04   2.62064557E-03
   13.0000000       18.0000000       1.44412613E-03   4.73221473E-04   6.42276602E-04   2.49110325E-03
   13.0000000       22.0000000       1.27332925E-03   5.07497869E-04   1.20745937E-03   2.51609134E-03
   13.0000000       26.0000000       3.45861190E-03   3.64684005E-04   1.45425706E-03   3.44884209E-03
   13.0000000       30.0000000       1.36132096E-03   8.91928037E-04   2.02853954E-03   3.63269425E-03
   13.0000000       34.0000000       2.29386240E-03   1.79521274E-03   2.22993060E-03   1.79910043E-03
   13.0000000       38.0000000       1.88857410E-03   1.18835410E-03   1.87476561E-03   2.66343821E-03
   13.0000000       42.0000000       1.51975686E-03   3.41972639E-03   1.51515147E-03   2.04248377E-03
   13.0000000       46.0000000       1.67014613E-03   9.53288865E-04   5.47645148E-04   3.59712238E-03
   13.0000000       50.0000000       2.53936014E-04   8.39630549E-04   0.00000000       4.06504050E-03
   13.0000000       54.0000000       3.07017541E-03   1.73812278E-03   5.30503970E-03   1.13636367E-02
   13.0000000       58.0000000       2.34741787E-03   4.20875428E-03   1.59744406E-03   0.00000000    
   15.0000000       2.00000000       3.56699340E-04   2.69654120E-04   6.39795267E-04   1.69501101E-04
   15.0000000       6.00000000       2.95671634E-04   1.04021157E-04   1.63961304E-04   2.51067046E-04
   15.0000000       10.0000000       3.57790675E-04   1.33040812E-04   1.83751617E-04   2.64779519E-04
   15.0000000       14.0000000       5.29219978E-04   2.42590177E-04   1.76969465E-04   5.43304544E-04
   15.0000000       18.0000000       4.69914026E-04   2.32459672E-04   1.23514736E-04   3.11387907E-04
   15.0000000       22.0000000       2.54665851E-04   1.63708988E-04   4.47207189E-04   5.26623742E-04
   15.0000000       26.0000000       4.61148273E-04   2.18810397E-04   5.28820732E-04   6.56922348E-04
   15.0000000       30.0000000       3.51308612E-04   4.08800348E-04   4.19697812E-04   2.01816350E-04
   15.0000000       34.0000000       3.09981406E-04   1.32978719E-04   9.91080306E-04   2.99850071E-04
   15.0000000       38.0000000       5.66572242E-04   2.97088525E-04   1.87476558E-04   7.26392260E-04
   15.0000000       42.0000000       4.55927046E-04   0.00000000       0.00000000       4.08496737E-04
   15.0000000       46.0000000       2.08768266E-04   0.00000000       0.00000000       0.00000000    
   15.0000000       50.0000000       1.01574406E-03   0.00000000       0.00000000       0.00000000    
   15.0000000       54.0000000       0.00000000       0.00000000       0.00000000       5.68181835E-03
   15.0000000       58.0000000       1.17370894E-03   0.00000000       0.00000000       7.57575780E-03
   17.0000000       2.00000000       5.28443452E-05   6.12850272E-05   2.13265084E-04   2.82501842E-05
   17.0000000       6.00000000       1.12483773E-04   9.16376885E-05   9.36921715E-05   5.02134062E-05
   17.0000000       10.0000000       2.37140339E-04   1.42171077E-04   1.65969206E-04   4.81417301E-05
   17.0000000       14.0000000       3.73982126E-04   2.90241820E-04   1.76969465E-04   1.59795469E-04
   17.0000000       18.0000000       4.01146128E-04   3.15480982E-04   3.21138301E-04   1.77935945E-04
   17.0000000       22.0000000       3.45617940E-04   1.71894440E-04   8.94414407E-05   4.09596250E-04
   17.0000000       26.0000000       2.30574136E-04   9.11710013E-05   1.32205183E-04   1.64230587E-04
   17.0000000       30.0000000       3.07395036E-04   1.85818339E-04   2.09848906E-04   1.00908175E-04
   17.0000000       34.0000000       1.85988843E-04   1.99468079E-04   0.00000000       1.49925036E-04
   17.0000000       38.0000000       3.77714838E-04   9.90295084E-05   0.00000000       7.26392260E-04
   17.0000000       42.0000000       0.00000000       1.79985596E-04   0.00000000       4.08496737E-04
   17.0000000       46.0000000       4.17536532E-04   0.00000000       0.00000000       0.00000000    
   17.0000000       50.0000000       2.53936014E-04   0.00000000       0.00000000       0.00000000    
   17.0000000       54.0000000       4.38596500E-04   0.00000000       0.00000000       0.00000000    
   17.0000000       58.0000000       0.00000000       0.00000000       0.00000000       0.00000000    
   19.0000000       2.00000000       2.64221726E-05   0.00000000       2.13265084E-05   0.00000000    
   19.0000000       6.00000000       1.60691106E-05   7.43008286E-06   1.17115214E-05   2.51067031E-05
   19.0000000       10.0000000       2.08017846E-05   7.56506633E-05   5.33472448E-05   2.40708650E-05
   19.0000000       14.0000000       9.87877356E-05   1.49452870E-04   1.02097765E-04   6.39181817E-05
   19.0000000       18.0000000       1.83381082E-04   1.36985167E-04   7.41088443E-05   4.44839861E-05
   19.0000000       22.0000000       2.36475418E-04   6.54835967E-05   6.70810768E-05   1.17027499E-04
   19.0000000       26.0000000       1.15287068E-04   5.47025993E-05   4.40683943E-05   2.46345880E-04
   19.0000000       30.0000000       8.78271530E-05   3.71636670E-05   0.00000000       2.01816350E-04
   19.0000000       34.0000000       6.19962811E-05   0.00000000       0.00000000       0.00000000    
   19.0000000       38.0000000       0.00000000       9.90295084E-05   0.00000000       0.00000000    
   19.0000000       42.0000000       0.00000000       0.00000000       0.00000000       0.00000000    
   19.0000000       46.0000000       0.00000000       0.00000000       0.00000000       0.00000000    
   19.0000000       50.0000000       0.00000000       0.00000000       0.00000000       0.00000000    
   19.0000000       54.0000000       0.00000000       0.00000000       0.00000000       0.00000000    
   19.0000000       58.0000000       0.00000000       0.00000000       0.00000000       0.00000000    
